 -150.0000000000 -293.3333333333  251.8504542378
 -165.4508497187 -245.7805075186  251.8504542378
 -165.4508497187 -245.7805075186  301.8504542378
 -150.0000000000 -293.3333333333  301.8504542378

 -150.0000000000 -293.3333333333  251.8504542378
 -116.5434696821 -256.1760920595  251.8504542378
 -116.5434696821 -256.1760920595  301.8504542378
 -150.0000000000 -293.3333333333  301.8504542378

 -150.0000000000 -293.3333333333  251.8504542378
 -101.0926199633 -303.7289178742  251.8504542378
 -101.0926199633 -303.7289178742  301.8504542378
 -150.0000000000 -293.3333333333  301.8504542378

 -150.0000000000 -293.3333333333  251.8504542378
 -134.5491502813 -340.8861591481  251.8504542378
 -134.5491502813 -340.8861591481  301.8504542378
 -150.0000000000 -293.3333333333  301.8504542378

 -150.0000000000 -293.3333333333  251.8504542378
 -183.4565303179 -330.4905746072  251.8504542378
 -183.4565303179 -330.4905746072  301.8504542378
 -150.0000000000 -293.3333333333  301.8504542378

 -150.0000000000 -293.3333333333  251.8504542378
 -198.9073800367 -282.9377487924  251.8504542378
 -198.9073800367 -282.9377487924  301.8504542378
 -150.0000000000 -293.3333333333  301.8504542378

 -150.0000000000 -293.3333333333  251.8504542378
 -165.4508497187 -245.7805075186  251.8504542378
 -165.4508497187 -245.7805075186  301.8504542378
 -150.0000000000 -293.3333333333  301.8504542378

