 -250.0000000000  350.0000000000  -90.0000000000
 -200.0000000000  350.0000000000  -90.0000000000
 -200.0000000000  350.0000000000  -40.0000000000
 -250.0000000000  350.0000000000  -40.0000000000

 -250.0000000000  350.0000000000  -90.0000000000
 -225.0000000000  306.6987298108  -90.0000000000
 -225.0000000000  306.6987298108  -40.0000000000
 -250.0000000000  350.0000000000  -40.0000000000

 -250.0000000000  350.0000000000  -90.0000000000
 -275.0000000000  306.6987298108  -90.0000000000
 -275.0000000000  306.6987298108  -40.0000000000
 -250.0000000000  350.0000000000  -40.0000000000

 -250.0000000000  350.0000000000  -90.0000000000
 -300.0000000000  350.0000000000  -90.0000000000
 -300.0000000000  350.0000000000  -40.0000000000
 -250.0000000000  350.0000000000  -40.0000000000

 -250.0000000000  350.0000000000  -90.0000000000
 -275.0000000000  393.3012701892  -90.0000000000
 -275.0000000000  393.3012701892  -40.0000000000
 -250.0000000000  350.0000000000  -40.0000000000

 -250.0000000000  350.0000000000  -90.0000000000
 -225.0000000000  393.3012701892  -90.0000000000
 -225.0000000000  393.3012701892  -40.0000000000
 -250.0000000000  350.0000000000  -40.0000000000

 -250.0000000000  350.0000000000  -90.0000000000
 -200.0000000000  350.0000000000  -90.0000000000
 -200.0000000000  350.0000000000  -40.0000000000
 -250.0000000000  350.0000000000  -40.0000000000

