  -50.0000000000 -293.3333333333  251.8504542378
  -65.4508497187 -340.8861591481  251.8504542378
  -65.4508497187 -340.8861591481  301.8504542378
  -50.0000000000 -293.3333333333  301.8504542378

  -50.0000000000 -293.3333333333  251.8504542378
  -98.9073800367 -303.7289178742  251.8504542378
  -98.9073800367 -303.7289178742  301.8504542378
  -50.0000000000 -293.3333333333  301.8504542378

  -50.0000000000 -293.3333333333  251.8504542378
  -83.4565303179 -256.1760920595  251.8504542378
  -83.4565303179 -256.1760920595  301.8504542378
  -50.0000000000 -293.3333333333  301.8504542378

  -50.0000000000 -293.3333333333  251.8504542378
  -34.5491502813 -245.7805075186  251.8504542378
  -34.5491502813 -245.7805075186  301.8504542378
  -50.0000000000 -293.3333333333  301.8504542378

  -50.0000000000 -293.3333333333  251.8504542378
   -1.0926199633 -282.9377487924  251.8504542378
   -1.0926199633 -282.9377487924  301.8504542378
  -50.0000000000 -293.3333333333  301.8504542378

  -50.0000000000 -293.3333333333  251.8504542378
  -16.5434696821 -330.4905746072  251.8504542378
  -16.5434696821 -330.4905746072  301.8504542378
  -50.0000000000 -293.3333333333  301.8504542378

  -50.0000000000 -293.3333333333  251.8504542378
  -65.4508497187 -340.8861591481  251.8504542378
  -65.4508497187 -340.8861591481  301.8504542378
  -50.0000000000 -293.3333333333  301.8504542378

