 -150.0000000000  350.0000000000  -90.0000000000
 -100.0000000000  350.0000000000  -90.0000000000
 -100.0000000000  350.0000000000  -40.0000000000
 -150.0000000000  350.0000000000  -40.0000000000

 -150.0000000000  350.0000000000  -90.0000000000
 -125.0000000000  306.6987298108  -90.0000000000
 -125.0000000000  306.6987298108  -40.0000000000
 -150.0000000000  350.0000000000  -40.0000000000

 -150.0000000000  350.0000000000  -90.0000000000
 -175.0000000000  306.6987298108  -90.0000000000
 -175.0000000000  306.6987298108  -40.0000000000
 -150.0000000000  350.0000000000  -40.0000000000

 -150.0000000000  350.0000000000  -90.0000000000
 -200.0000000000  350.0000000000  -90.0000000000
 -200.0000000000  350.0000000000  -40.0000000000
 -150.0000000000  350.0000000000  -40.0000000000

 -150.0000000000  350.0000000000  -90.0000000000
 -175.0000000000  393.3012701892  -90.0000000000
 -175.0000000000  393.3012701892  -40.0000000000
 -150.0000000000  350.0000000000  -40.0000000000

 -150.0000000000  350.0000000000  -90.0000000000
 -125.0000000000  393.3012701892  -90.0000000000
 -125.0000000000  393.3012701892  -40.0000000000
 -150.0000000000  350.0000000000  -40.0000000000

 -150.0000000000  350.0000000000  -90.0000000000
 -100.0000000000  350.0000000000  -90.0000000000
 -100.0000000000  350.0000000000  -40.0000000000
 -150.0000000000  350.0000000000  -40.0000000000

