  100.0000000000  100.0000000000   50.0000000000
   50.0000000000  100.0000000000   50.0000000000
   50.0000000000  100.0000000000  100.0000000000
  100.0000000000  100.0000000000  100.0000000000

  100.0000000000  100.0000000000   50.0000000000
   75.0000000000  143.3012701892   50.0000000000
   75.0000000000  143.3012701892  100.0000000000
  100.0000000000  100.0000000000  100.0000000000

  100.0000000000  100.0000000000   50.0000000000
  125.0000000000  143.3012701892   50.0000000000
  125.0000000000  143.3012701892  100.0000000000
  100.0000000000  100.0000000000  100.0000000000

  100.0000000000  100.0000000000   50.0000000000
  150.0000000000  100.0000000000   50.0000000000
  150.0000000000  100.0000000000  100.0000000000
  100.0000000000  100.0000000000  100.0000000000

  100.0000000000  100.0000000000   50.0000000000
  125.0000000000   56.6987298108   50.0000000000
  125.0000000000   56.6987298108  100.0000000000
  100.0000000000  100.0000000000  100.0000000000

  100.0000000000  100.0000000000   50.0000000000
   75.0000000000   56.6987298108   50.0000000000
   75.0000000000   56.6987298108  100.0000000000
  100.0000000000  100.0000000000  100.0000000000

  100.0000000000  100.0000000000   50.0000000000
   50.0000000000  100.0000000000   50.0000000000
   50.0000000000  100.0000000000  100.0000000000
  100.0000000000  100.0000000000  100.0000000000

