  -50.0000000000 -193.3333333333  251.8504542378
  -65.4508497187 -145.7805075186  251.8504542378
  -65.4508497187 -145.7805075186  301.8504542378
  -50.0000000000 -193.3333333333  301.8504542378

  -50.0000000000 -193.3333333333  251.8504542378
  -16.5434696821 -156.1760920595  251.8504542378
  -16.5434696821 -156.1760920595  301.8504542378
  -50.0000000000 -193.3333333333  301.8504542378

  -50.0000000000 -193.3333333333  251.8504542378
   -1.0926199633 -203.7289178742  251.8504542378
   -1.0926199633 -203.7289178742  301.8504542378
  -50.0000000000 -193.3333333333  301.8504542378

  -50.0000000000 -193.3333333333  251.8504542378
  -34.5491502813 -240.8861591481  251.8504542378
  -34.5491502813 -240.8861591481  301.8504542378
  -50.0000000000 -193.3333333333  301.8504542378

  -50.0000000000 -193.3333333333  251.8504542378
  -83.4565303179 -230.4905746072  251.8504542378
  -83.4565303179 -230.4905746072  301.8504542378
  -50.0000000000 -193.3333333333  301.8504542378

  -50.0000000000 -193.3333333333  251.8504542378
  -98.9073800367 -182.9377487924  251.8504542378
  -98.9073800367 -182.9377487924  301.8504542378
  -50.0000000000 -193.3333333333  301.8504542378

  -50.0000000000 -193.3333333333  251.8504542378
  -65.4508497187 -145.7805075186  251.8504542378
  -65.4508497187 -145.7805075186  301.8504542378
  -50.0000000000 -193.3333333333  301.8504542378

