  250.0000000000  -70.0000000000  430.0000000000
  265.4508497187  -22.4471741852  430.0000000000
  265.4508497187  -22.4471741852  480.0000000000
  250.0000000000  -70.0000000000  480.0000000000

  250.0000000000  -70.0000000000  430.0000000000
  298.9073800367  -59.6044154591  430.0000000000
  298.9073800367  -59.6044154591  480.0000000000
  250.0000000000  -70.0000000000  480.0000000000

  250.0000000000  -70.0000000000  430.0000000000
  283.4565303179 -107.1572412739  430.0000000000
  283.4565303179 -107.1572412739  480.0000000000
  250.0000000000  -70.0000000000  480.0000000000

  250.0000000000  -70.0000000000  430.0000000000
  234.5491502813 -117.5528258148  430.0000000000
  234.5491502813 -117.5528258148  480.0000000000
  250.0000000000  -70.0000000000  480.0000000000

  250.0000000000  -70.0000000000  430.0000000000
  201.0926199633  -80.3955845409  430.0000000000
  201.0926199633  -80.3955845409  480.0000000000
  250.0000000000  -70.0000000000  480.0000000000

  250.0000000000  -70.0000000000  430.0000000000
  216.5434696821  -32.8427587261  430.0000000000
  216.5434696821  -32.8427587261  480.0000000000
  250.0000000000  -70.0000000000  480.0000000000

  250.0000000000  -70.0000000000  430.0000000000
  265.4508497187  -22.4471741852  430.0000000000
  265.4508497187  -22.4471741852  480.0000000000
  250.0000000000  -70.0000000000  480.0000000000

