  150.0000000000   30.0000000000  430.0000000000
  165.4508497187   77.5528258148  430.0000000000
  165.4508497187   77.5528258148  480.0000000000
  150.0000000000   30.0000000000  480.0000000000

  150.0000000000   30.0000000000  430.0000000000
  198.9073800367   40.3955845409  430.0000000000
  198.9073800367   40.3955845409  480.0000000000
  150.0000000000   30.0000000000  480.0000000000

  150.0000000000   30.0000000000  430.0000000000
  183.4565303179   -7.1572412739  430.0000000000
  183.4565303179   -7.1572412739  480.0000000000
  150.0000000000   30.0000000000  480.0000000000

  150.0000000000   30.0000000000  430.0000000000
  134.5491502813  -17.5528258148  430.0000000000
  134.5491502813  -17.5528258148  480.0000000000
  150.0000000000   30.0000000000  480.0000000000

  150.0000000000   30.0000000000  430.0000000000
  101.0926199633   19.6044154591  430.0000000000
  101.0926199633   19.6044154591  480.0000000000
  150.0000000000   30.0000000000  480.0000000000

  150.0000000000   30.0000000000  430.0000000000
  116.5434696821   67.1572412739  430.0000000000
  116.5434696821   67.1572412739  480.0000000000
  150.0000000000   30.0000000000  480.0000000000

  150.0000000000   30.0000000000  430.0000000000
  165.4508497187   77.5528258148  430.0000000000
  165.4508497187   77.5528258148  480.0000000000
  150.0000000000   30.0000000000  480.0000000000

